   6.45758
   5.74576
   5.60117
   5.29209
   5.41752
   5.53867
   5.41119
   5.90652
   5.80631
   5.75693
   6.77457
   6.67608
   6.42496
   5.83335
   5.79383
   6.97435
   5.19622
   4.62300
   4.65941
   4.92263
   5.05532
   5.93138
   5.78101
   5.26170
   5.21774
   5.42675
   5.88531
   5.89406
   5.28021
   5.82039
   7.05337
   6.84289
   5.89575
   4.85851
   5.16755
   7.49497
   7.79815
   7.15082
   6.74578
   6.49887
   6.43590
   6.55205
   7.87672
   7.44430
   6.00101
   5.44321
   5.27341
   5.31574
   5.24005
   5.06424
   5.29197
   5.19380
   5.33565
   5.18227
   5.21562
   5.24168
   5.21320
   5.33615
   5.37399
   5.44186
   5.35947
   5.48384
   5.65404
   5.83624
   5.99211
   5.82563
   5.89267
   5.95439
   5.76034
   5.54443
   5.79749
   6.65912
   7.26639
   7.26356
   7.06912
   6.77604
   6.69366
   6.78512
   6.30168
   5.52144
   5.77361
   5.60080
   5.53667
   5.73573
   5.55337
   6.09217
   6.87708
   7.00836
   5.95445
   5.50440
   5.56308
   5.60166
   5.68446
   6.07418
   7.05664
   7.58892
   6.30034
   5.14315
   4.98384
   5.42724
   6.97570
   8.61184
   6.88168
   3.68642
   2.63247
   4.84781
   4.87338
   5.05615
   5.00394
   4.86537
   5.48896
   5.65212
   5.93385
   5.98895
   5.70979
   5.33839
   5.56389
   5.93438
   5.55629
   5.42328
   5.30723
   5.13380
   5.07871
   5.09412
   5.21186
   5.23760
   5.38308
   5.22158
   5.15967
   5.27142
   5.22227
   4.92498
   5.03015
   5.13670
   5.21707
   5.51616
   3.50007
   2.09861
   2.56254
   1.90015
   2.92248
   3.50581
   4.29254
   4.96775
   5.09526
   5.28564
   5.41265
   4.97602
   4.75246
   4.88565
   4.93138
   4.94205
   5.00672
   5.07897
   5.19984
   5.26241
   5.51988
   5.68736
   5.52250
   5.48896
   5.80149
   6.07007
   6.16300
   6.46880
   6.68425
   6.70635
   6.94331
   6.33324
   5.89220
   5.94740
   6.53251
   7.61822
   8.55658
   7.68384
   7.25100
   7.87920
   8.00412
   8.18844
   8.45103
   7.72926
   6.58157
   5.75056
   5.42354
   5.20657
   5.29334
   5.51064
   5.59675
   5.57175
   5.55266
   5.59480
   5.53486
   5.57491
   6.06428
   6.74498
   7.31983
   7.83401
   8.32707
   8.06675
   7.73099
   8.10829
   8.82899
   9.03583
   8.38096
   7.67565
   7.33282
   7.53837
   8.31019
   8.98977
   8.50173
   7.72492
   7.45927
   6.93688
   6.25114
   6.01592
   5.96177
   5.40911
   5.20190
   5.31376
   5.49033
   6.01575
   6.27571
   6.14286
   5.84597
   5.79057
   6.01327
   6.16798
   5.72185
   5.57202
   5.49948
   5.58746
   5.92194
   5.64298
   5.66091
   5.94244
   5.81284
   5.73254
   5.75186
   5.99781
   6.34760
   6.95574
   7.41196
   7.45668
   6.59797
   6.46632
   6.30499
   5.97428
   6.05392
   6.16835
   5.93581
   5.79104
   5.67843
   5.68764
   5.84568
   5.89515
   6.07466
   5.96689
   5.81105
   5.45679
   5.38115
   5.74141
   5.80857
   5.37347
   5.16784
   5.16198
   5.28193
   5.35139
   5.25689
   5.47763
   5.25764
   5.23785
   5.26956
   5.23436
   5.33374
   5.34542
   5.42289
   5.36151
   5.69412
   5.76743
   5.84564
   5.60283
   5.64806
   5.89783
   6.19428
   6.46265
   6.59329
   6.68376
   6.47018
   6.21434
   6.39896
   6.16748
   6.24197
   6.28355
   6.73111
   7.36477
   8.17513
   7.86331
   7.26609
   6.79623
   6.56911
   6.63961
   6.11157
   5.94370
   5.98919
   5.86936
   5.66581
   5.44256
   5.42755
   5.37270
   5.26163
   5.38387
   5.63929
   5.97256
   6.09096
   6.07945
   6.27320
   5.98776
   5.82039
   5.80867
   5.78560
   5.67283
   5.52601
   5.43384
   5.45773
   5.29378
   5.17167
   5.28459
   5.36524
   5.30774
   5.48301
   5.64487
   5.65195
   5.78702
   5.83574
   5.70683
   6.01525
   6.44266
   6.43594
   6.21760
   5.98887
   5.97732
   5.87630
   5.86568
   5.64243
   5.30890
   5.33952
   5.42751
   5.39036
   5.49496
   5.39306
   5.35864
   5.43253
   5.37460
   5.26792
   5.30280
   5.34333
   5.45157
   5.38624
   5.50620
   5.52582
   6.01212
   5.69100
   5.47604
   5.30039
   6.04500
   6.72546
   6.73171
   6.26196
   6.11779
   6.25297
   5.97540
   6.15800
   5.98464
   6.50400
   6.44830
   6.53157
   6.67150
   6.79501
   6.83058
   6.53738
   6.02215
   5.80686
   5.75457
   5.58990
   5.55184
   5.51333
   5.55625
   5.50441
   5.42705
   5.39609
   5.09994
   5.03563
   5.06212
   5.18957
   5.40900
   6.42008
   6.14078
   5.84146
   5.76300
   5.49385
   5.22799
   5.19505
   5.20609
   5.29939
   5.35434
   5.49333
   5.62788
   5.88888
   5.94692
   6.04010
   5.99196
   6.15090
   6.80019
   7.21906
   6.88941
   6.28118
   6.04893
   5.61707
   5.40100
   3.40692
   2.34083
   6.86465
   6.72619
   5.93334
   5.78757
   5.68335
   5.40922
   5.30199
   5.53626
   5.58316
   5.87924
   6.05309
   5.99239
   5.89169
   5.99579
   5.83152
   5.66884
   5.77827
   6.07065
   6.27855
   6.04590
   5.83924
   5.94393
   5.92009
   6.12609
   6.34679
   6.01817
   5.59540
   5.43478
   5.65850
   5.85041
   5.70426
   5.61103
   5.51072
   5.36959
   5.31756
   5.41457
   5.58833
   5.43884
   5.44683
   5.41009
   5.53580
   5.69268
   5.85125
   6.10587
   6.62010
   6.89183
   6.66616
   6.81109
   7.01762
   7.21427
   7.53323
   7.08264
   6.64419
   6.63352
   6.55575
   6.35088
   6.33853
   6.90744
   6.90294
   6.21519
   6.31554
   5.94324
   5.59869
   5.26349
   5.16032
   5.63953
   5.94852
   5.92524
   5.81716
   5.59553
   5.59994
   5.56730
   5.50448
   5.64965
   5.72882
   5.67279
   5.59351
   5.56714
   5.84039
   6.80377
   6.91745
   7.36378
   6.78891
   6.34144
   6.79211
   7.49956
   7.52473
   7.67904
   8.21903
   6.68300
   5.60160
   5.37068
   5.35828
   5.50573
   5.63968
   5.53979
   5.50503
   6.13340
   6.29530
   6.17739
   6.13618
   6.37708
   6.77676
   7.16433
   8.03070
   8.57047
   8.34394
   8.03776
   7.91666
   8.08691
   7.86923
   7.29871
   7.05941
   6.56635
   6.32900
   6.35608
   6.69250
   6.63580
   6.26026
   6.13117
   6.17068
   6.57262
   6.09365
   5.69679
   5.82332
   5.97854
   6.04798
   6.25253
   6.14659
   5.94378
   5.67956
   5.60318
   5.56896
   5.54925
   5.50158
   5.65827
   5.82826
   5.84953
   5.89183
   5.83339
   5.81768
   5.91124
   5.95930
   6.07904
   6.27148
   6.68658
   6.59783
   6.56536
   6.54791
   6.83708
   7.39711
   6.75706
   5.94752
   5.77926
   5.88575
   6.20336
   6.40381
   6.36876
   6.05104
   5.85424
   6.03276
   6.54312
   6.17665
   6.25179
   6.15854
   6.04373
   5.94056
   5.57209
   5.62663
   6.89633
   8.44012
   8.79220
   8.18365
   8.09080
   8.39090
   8.65328
   8.04599
   7.58093
   7.41549
   7.16527
   7.59959
   7.71733
   7.11281
   6.50590
   6.04376
   5.94108
   5.93329
   5.95022
   6.01064
   6.22123
   6.43736
   6.65956
   6.72838
   6.42711
   6.33641
   6.21576
   6.13918
   5.94299
   5.98055
   6.08876
   5.31599
   5.37893
   6.09160
   5.91760
   5.99845
   6.17370
   6.32376
   6.68018
   7.29234
   7.31193
   6.61298
   6.24329
   6.95009
   7.91421
   8.13061
   7.51484
   6.69318
   6.53932
   6.57098
   6.37900
   6.13036
   5.93930
   5.72489
   5.69343
   5.77230
   5.94348
   6.01686
   6.03788
   6.03834
   5.75987
   5.64465
   3.66090
   4.62428
   7.62964
   7.07516
   6.09655
   5.72711
   5.31834
   4.82124
   5.18732
   5.55538
   5.45706
   5.20784
   5.20601
   5.16996
   5.47608
   5.68310
   5.63717
   5.53683
   5.73753
   6.36419
   7.43880
   7.84662
   7.10527
   5.95144
   5.86011
   6.16563
   6.07894
   6.00858
   5.99760
   6.28000
   6.80791
   7.13575
   7.76369
   8.02086
   7.65543
   7.13888
   7.10641
   7.35614
   7.35876
   6.94130
   6.54542
   5.99909
   5.62273
   5.56953
   5.80263
   5.73316
   5.56408
   5.82850
   6.21599
   6.29988
   6.42392
   6.69746
   6.54118
   6.60939
   6.52612
   6.38470
   6.17352
   6.53438
   6.93023
   7.14911
   6.84927
   6.46527
   6.13043
   6.14707
   6.94747
   5.90622
   5.37411
   5.45226
   5.32398
   5.30980
   5.39688
   5.47126
   5.34490
   5.47322
   5.51983
   5.80199
   5.87687
   5.85674
   6.02523
   6.38927
   6.39487
   6.35887
   6.79519
   7.23851
   7.67835
   8.05155
   7.82774
   8.00116
   8.36282
   8.26229
   8.10736
   7.82320
   7.05005
   6.70695
   6.71727
   6.64251
   6.70669
   6.50462
   6.50350
   6.57992
   6.21444
   5.81618
   5.86455
   5.72813
   5.76905
   5.66773
   5.73264
   5.90898
   6.22087
   6.25673
   6.62104
   6.73148
   6.94916
   7.40052
   7.28171
   7.36692
   6.58795
   6.34272
   6.79011
   7.21029
   7.38208
   6.49102
   5.84615
   5.71678
   5.55769
   5.98537
   6.90842
   7.02725
   7.13920
   7.38050
   6.96597
   6.38430
   5.73738
   5.48823
   5.70686
   5.96883
   6.34039
   6.88532
   7.07281
   6.72268
   6.35282
   6.35270
   6.62222
   7.23739
   7.49273
   6.72700
   6.14486
   6.51785
   6.77215
   8.30526
   9.94549
   7.90947
   6.08070
   5.53838
   5.36983
   5.45385
   5.51565
   5.52860
   5.71712
   6.00990
   6.03239
   5.96785
   5.94718
   5.81547
   5.73309
   5.65612
   5.61971
   6.04019
   6.76735
   7.66983
   8.37202
   8.17986
   7.88755
   7.96531
   7.97022
   7.52449
   6.70360
   6.22006
   5.66258
   5.40177
   5.43057
   5.37876
   5.47346
   5.55284
   5.79961
   5.94744
   6.37033
   6.99628
   6.71506
   5.95977
   6.21913
   7.45869
   8.24692
   9.21725
   9.80983
  10.22255
   9.76580
   8.35647
   7.02178
   7.07509
   6.80418
   5.70989
   5.54530
   5.70761
   5.98683
   6.51160
   7.09356
   7.15906
   6.61233
   6.02321
   5.96265
   6.09249
   5.97912
   5.55944
   5.40091
   5.03654
   4.87580
   4.97489
   5.16814
   5.15936
   5.27489
   5.43056
   5.52257
   5.48239
   5.66117
   5.82724
   6.07163
   6.38748
   6.76649
   7.19945
   7.19738
   7.26625
   7.60893
   8.37848
   9.84323
  10.16576
   9.99191
  11.03557
  10.81233
   9.98976
   9.24067
   8.76808
   8.87688
   8.89884
   8.06187
   7.08038
   6.17977
   5.81487
   5.80188
   5.73255
   5.81378
   5.96447
   5.98262
   6.29263
   6.20475
   6.11140
   5.90904
   6.03279
   6.12087
   6.10229
   6.29518
   6.95101
   8.07561
   9.68806
   9.38897
   8.34434
   8.09442
   7.65357
   7.40726
   7.09303
   6.79523
   6.38093
   5.79309
   5.62315
   5.63358
   5.80694
   6.05986
   6.19759
   6.21182
   6.19887
   6.39977
   6.61374
   7.41553
   8.10999
   7.01472
   6.29741
   6.13120
   5.80518
   5.82546
   6.03997
   6.04275
   6.02288
   5.95496
   6.08292
   6.36779
   7.00786
   7.37546
   7.27076
   7.36398
   7.63977
   8.08766
   8.19835
   7.89726
   7.34256
   6.58832
   6.28367
   6.10143
   6.00952
   6.05954
   6.25630
   6.38016
   6.86524
   6.67765
   6.32081
   6.48279
   6.39224
   6.18060
   5.79894
   6.14023
   6.62994
   6.45415
   6.03146
   5.63884
   5.32876
   5.43038
   5.64994
   5.88474
   6.15232
   6.22997
   6.18660
   6.29420
   6.10448
   6.01943
   6.22643
   6.11826
   6.01487
   5.92225
   5.88100
   6.05526
   6.07988
   5.85559
   5.85814
   5.87735
   5.85423
   5.76222
   5.80104
   5.90532
   6.13767
   6.14866
   6.24684
   6.08703
   6.08778
   6.20631
   6.25673
   6.10364
   6.10877
   6.32146
   6.74955
   6.98653
   6.96253
   6.40552
   5.64068
   5.42543
   5.55521
   6.21082
   6.69739
   6.17220
   5.81472
   5.80076
   5.92427
   6.15496
   6.27115
   6.23130
   6.46568
   6.61350
   6.66202
   7.17432
   8.62149
   8.86840
   8.33297
   8.43454
   8.11872
   8.19687
   8.08952
   7.45463
   7.06864
   6.48864
   6.21568
   6.37703
   6.45116
   6.62201
   6.81826
   7.21081
   7.77343
   8.14473
   7.93541
   7.32578
   7.10429
   7.18243
   7.29524
   7.55751
   7.36541
   6.58170
   6.15810
   6.33612
   6.45483
   6.18863
   5.81420
   5.77810
   6.19271
   6.83755
   6.72879
   6.49959
   6.23967
   6.37023
   6.51470
   6.65067
   6.86729
   6.97795
   7.02462
   6.59458
   6.69003
   6.65153
   6.89485
   7.39282
   7.04515
   6.43256
   5.80780
   5.62023
   5.79004
   5.97243
   6.15396
   6.58955
   6.79726
   6.66755
   6.34159
   6.30146
   6.37766
   6.45999
   6.64979
   6.26272
   6.07469
   6.03563
   6.16532
   6.49972
   6.72875
   6.82967
   7.07145
   7.32061
   7.44421
   7.74071
   8.12308
   7.55151
   6.01062
   5.32388
   5.85481
   6.46487
   7.18151
   8.13259
   8.67869
   8.36644
   7.66699
   6.67252
   6.28712
   6.02061
   6.02154
   6.40292
   6.49069
   6.47638
   6.66243
   6.85879
   6.88028
   6.88910
   6.72802
   6.64055
   6.76171
   7.20769
   7.23819
   6.12738
   5.64947
   5.85744
   6.01364
   6.26230
   6.27643
   5.88770
   5.89309
   6.01009
   6.28497
   6.74346
   6.76406
   6.86553
   6.86082
   6.45825
   6.31358
   6.51625
   6.72500
   6.60718
   6.79836
   6.76900
   6.66536
   6.90714
   6.92141
   7.24695
   7.38855
   7.09040
   7.04949
   7.13097
   6.96886
   6.57206
   6.23999
   6.01614
   5.87798
   5.69937
   5.77205
   5.72915
   5.71860
   5.81770
   6.07848
   6.33550
   6.26291
   6.42160
   6.66916
   6.60129
   7.08463
   7.18015
   6.56588
   6.66310
   8.13267
   8.21429
   7.20083
   6.55620
   6.32962
   6.46468
   6.24566
   6.13103
   6.32856
   6.83283
   6.91215
   5.93343
   5.60723
   6.08858
   6.34968
   6.75828
   6.89520
   6.68658
   6.27087
   6.07056
   6.10336
